MLIKVKTLTGKEIEIDIEPTDTIDRIKERVEEKEGIPPVQQRLIYAGKQLADDKTAKDYNIEGGSVLHLVLAL
MLIKVKTLTGKEIEIDIEPTDTIDRIKERVEEKEGIPPVQQRLIYAGKQLADDKTAKDYNIEGGSVLHLVLAL
Dynamic programming table:
 |    |   M|   L|   I|   K|   V|   K|   T|   L|   T|   G|   K|   E|   I|   E|   I|   D|   I|   E|   P|   T|   D|   T|   I|   D|   R|   I|   K|   E|   R|   V|   E|   E|   K|   E|   G|   I|   P|   P|   V|   Q|   Q|   R|   L|   I|   Y|   A|   G|   K|   Q|   L|   A|   D|   D|   K|   T|   A|   K|   D|   Y|   N|   I|   E|   G|   G|   S|   V|   L|   H|   L|   V|   L|   A|   L|
-+----+----+----+----+----+----+----+----+----+----+----+----+----+----+----+----+----+----+----+----+----+----+----+----+----+----+----+----+----+----+----+----+----+----+----+----+----+----+----+----+----+----+----+----+----+----+----+----+----+----+----+----+----+----+----+----+----+----+----+----+----+----+----+----+----+----+----+----+----+----+----+----+----+
 |    |    |    |    |    |    |    |    |    |    |    |    |    |    |    |    |    |    |    |    |    |    |    |    |    |    |    |    |    |    |    |    |    |    |    |    |    |    |    |    |    |    |    |    |    |    |    |    |    |    |    |    |    |    |    |    |    |    |    |    |    |    |    |    |    |    |    |    |    |    |    |    |    |
 |   0|   0|   0|   0|   0|   0|   0|   0|   0|   0|   0|   0|   0|   0|   0|   0|   0|   0|   0|   0|   0|   0|   0|   0|   0|   0|   0|   0|   0|   0|   0|   0|   0|   0|   0|   0|   0|   0|   0|   0|   0|   0|   0|   0|   0|   0|   0|   0|   0|   0|   0|   0|   0|   0|   0|   0|   0|   0|   0|   0|   0|   0|   0|   0|   0|   0|   0|   0|   0|   0|   0|   0|   0|
-+----+----+----+----+----+----+----+----+----+----+----+----+----+----+----+----+----+----+----+----+----+----+----+----+----+----+----+----+----+----+----+----+----+----+----+----+----+----+----+----+----+----+----+----+----+----+----+----+----+----+----+----+----+----+----+----+----+----+----+----+----+----+----+----+----+----+----+----+----+----+----+----+----+
 |    |\   |    |    |    |    |    |    |    |    |    |    |    |    |    |    |    |    |    |    |    |    |    |    |    |    |    |    |    |    |    |    |    |    |    |    |    |    |    |    |    |    |    |    |    |    |    |    |    |    |    |    |    |    |    |    |    |    |    |    |    |    |    |    |    |    |    |    |    |    |    |    |    |
M|   0| 0.20398315465| 0.03448382835| 0.04446894495000001| 0.030749611000000007| 0.0371156595| 0.035090619| 0.033815593500000005| 0.04364304150000001| 0.03404784550000001| 0.03769067100000001| 0.035090619| 0.03404929625000001| 0.043741110525| 0.04167308180000001| 0.04436075225000001| 0.03618111375000001| 0.037878655750000004| 0.03675597450000001| 0.035109690750000005| 0.036914890500000005| 0.0336655905| 0.03416870650000001| 0.04367791230000001| 0.03534592050000001| 0.037023532075000004| 0.038050134225000004| 0.035090619| 0.03718768100000001| 0.034942289| 0.04315541910000001| 0.030941400500000008| 0.0340458775| 0.035054947| 0.036965656500000006| 0.03769067100000001| 0.046704894850000005| 0.0323655645| 0.0323655645| 0.03378169350000001| 0.0301655205| 0.0301655205| 0.033836834| 0.04441580550000001| 0.04393329585000001| 0.029858813250000005| 0.04001571750000001| 0.037677973000000003| 0.035090619| 0.0301655205| 0.04441580550000001| 0.03713275550000001| 0.0336655905| 0.03727422250000001| 0.0336101335| 0.034194595050000005| 0.04370520450000001| 0.036996179750000004| 0.0336655905| 0.027865474500000004| 0.030848887000000005| 0.043776697875000006| 0.030973661000000003| 0.03538727900000001| 0.036819458000000006| 0.03741406600000001| 0.034569165500000006| 0.04439907722500001| 0.026015437500000002| 0.04441580550000001| 0.0373053395| 0.04509002915000001| 0.0356902849|
-+----+----+----+----+----+----+----+----+----+----+----+----+----+----+----+----+----+----+----+----+----+----+----+----+----+----+----+----+----+----+----+----+----+----+----+----+----+----+----+----+----+----+----+----+----+----+----+----+----+----+----+----+----+----+----+----+----+----+----+----+----+----+----+----+----+----+----+----+----+----+----+----+----+
 |    |    |\   |    |    |    |    |    |    |    |    |    |    |    |    |    |    |    |    |    |    |    |    |    |    |    |    |    |    |    |    |    |    |    |    |    |    |    |    |    |    |    |    |    |    |    |    |    |    |    |    |    |    |    |    |    |    |    |    |    |    |    |    |    |    |    |    |    |    |    |    |    |    |
L|   0| 0.03448382835| 0.3862529740999999| 0.07575054075000001| 0.08008994720000001| 0.07273666175000001| 0.07707766975000002| 0.07377760375| 0.10982070975000001| 0.08256227825000001| 0.07660990775000001| 0.07765268125000002| 0.0741525539| 0.07401979975| 0.08272764327500001| 0.11516145905| 0.08541325725000001| 0.07842284525000001| 0.07950602150000002| 0.07673705650000001| 0.078089070575| 0.07545187225000002| 0.07270568825000001| 0.07415844525000002| 0.08398582005000002| 0.07534169675000002| 0.07872616257500001| 0.07801214447500002| 0.10240279125000001| 0.07700136125000001| 0.07509105575000001| 0.24468840604999997| 0.07004542055000001| 0.07397221575000001| 0.07689199475000001| 0.07952771875000002| 0.07750529425000002| 0.0839418506| 0.06960252025| 0.07101864925000001| 0.25588234645| 0.25226617345| 0.06887374575| 0.11164960125000001| 0.08432781475000002| 0.07866350035000001| 0.07474592200000002| 0.08256508175000002| 0.07763998325000002| 0.25719127195| 0.10797828775| 0.08641995225000002| 0.07566973725000002| 0.07581120425000001| 0.07593436550000002| 0.07234300675000001| 0.10722709954999998| 0.09854912770000002| 0.07553316150000002| 0.06640245624999999| 0.06855473745000001| 0.07080855900000002| 0.23688496272499998| 0.07123233125000002| 0.07707812825000002| 0.07910491525000002| 0.07786925700000003| 0.11106793975000001| 0.07528590597500001| 0.10382820475| 0.08758149800000001| 0.113299103475| 0.08537800862500002|
-+----+----+----+----+----+----+----+----+----+----+----+----+----+----+----+----+----+----+----+----+----+----+----+----+----+----+----+----+----+----+----+----+----+----+----+----+----+----+----+----+----+----+----+----+----+----+----+----+----+----+----+----+----+----+----+----+----+----+----+----+----+----+----+----+----+----+----+----+----+----+----+----+----+
 |    |    |    |\   |    |    |    |    |    |    |    |    |    |    |    |    |    |    |    |    |    |    |    |    |    |    |    |    |    |    |    |    |    |    |    |    |    |    |    |    |    |    |    |    |    |    |    |    |    |    |    |    |    |    |    |    |    |    |    |    |    |    |    |    |    |    |    |    |    |    |    |    |    |
I|   0| 0.04446894495000001| 0.07575054075000001| 0.6194842978499999| 0.11745658210000001| 0.1301934164| 0.11566748750000003| 0.11873347000000002| 0.125260852| 0.151708762| 0.128093156| 0.11954073350000002| 0.11954218425000003| 0.328687752325| 0.115975148| 0.15873984602500002| 0.15918277955| 0.159266594325| 0.12301902650000002| 0.12245591900000002| 0.12161039182500001| 0.119594867825| 0.11746078550000003| 0.32529087265| 0.11734457250000005| 0.12289778505000003| 0.15427886847500002| 0.12165698832500002| 0.12304003222500004| 0.14518528700000002| 0.3134647468499999| 0.11387266300000003| 0.2865744903| 0.11294057430000003| 0.11877807900000001| 0.12242287250000003| 0.33290916810000004| 0.11771106550000002| 0.12414762185| 0.11181175025000001| 0.10902437650000002| 0.29388807370000003| 0.2939432142| 0.12112975800000002| 0.3721147776000001| 0.12504256337500003| 0.1265194246| 0.12026410175000002| 0.12549590750000003| 0.11564571050000003| 0.3094472842| 0.15295125| 0.12792574950000002| 0.12078416650000004| 0.11726154450000002| 0.12578660105000003| 0.12403548207500001| 0.15206348604999997| 0.14005492495000002| 0.11123884275000001| 0.10509155| 0.32418800202500003| 0.10962242675000003| 0.280112448475| 0.11589199600000002| 0.12233240100000002| 0.12210161725000002| 0.13734373660000004| 0.14492358400000002| 0.12754191822500002| 0.15384827907499998| 0.1398091096| 0.15612697082500002|
-+----+----+----+----+----+----+----+----+----+----+----+----+----+----+----+----+----+----+----+----+----+----+----+----+----+----+----+----+----+----+----+----+----+----+----+----+----+----+----+----+----+----+----+----+----+----+----+----+----+----+----+----+----+----+----+----+----+----+----+----+----+----+----+----+----+----+----+----+----+----+----+----+----+
 |    |    |    |    |\   |    |    |    |    |    |    |    |    |    |    |    |    |    |    |    |    |    |    |    |    |    |    |    |    |    |    |    |    |    |    |    |    |    |    |    |    |    |    |    |    |    |    |    |    |    |    |    |    |    |    |    |    |    |    |    |    |    |    |    |    |    |    |    |    |    |    |    |    |
K|   0| 0.030749611000000007| 0.08008994720000001| 0.11745658210000001| 0.8546787279499999| 0.15954879660000001| 0.1987861609| 0.15445963600000004| 0.16735306650000004| 0.1642852525| 0.194375988| 0.1966859005| 0.15856658475000002| 0.15961785150000002| 0.367779448825| 0.164297821| 0.20091214902500001| 0.20102335605| 0.20099912382500001| 0.16310527225000002| 0.16434736450000004| 0.16025253732500003| 0.158740129325| 0.15755568800000003| 0.36561334815| 0.15339288575000004| 0.16470557930000002| 0.22287161297500002| 0.16382122432500004| 0.18822974422500005| 0.18543921750000003| 0.3493827023499999| 0.15289509550000002| 0.35434883679999996| 0.15488278580000003| 0.161445305| 0.16234265950000004| 0.37025128760000003| 0.15505318500000004| 0.16290587035| 0.14695382575000002| 0.14416645200000003| 0.33371609695000004| 0.34333557470000003| 0.16114693100000002| 0.5968360238500001| 0.17003483587500004| 0.1691739526| 0.18885684625000002| 0.16063798300000004| 0.16503807100000004| 0.3515565947| 0.1915933955| 0.17017652700000002| 0.16321288725000005| 0.15609958150000003| 0.17446836055000003| 0.169262919325| 0.19070563154999998| 0.17289695445000003| 0.14706428475000002| 0.14515638575| 0.360138218025| 0.17525712875000005| 0.321908461475| 0.15828261700000001| 0.16187812150000003| 0.17116894650000003| 0.16833572910000005| 0.19431594450000003| 0.16982381272500002| 0.201363473325| 0.17792455960000003|
-+----+----+----+----+----+----+----+----+----+----+----+----+----+----+----+----+----+----+----+----+----+----+----+----+----+----+----+----+----+----+----+----+----+----+----+----+----+----+----+----+----+----+----+----+----+----+----+----+----+----+----+----+----+----+----+----+----+----+----+----+----+----+----+----+----+----+----+----+----+----+----+----+----+
 |    |    |    |    |    |\   |    |    |    |    |    |    |    |    |    |    |    |    |    |    |    |    |    |    |    |    |    |    |    |    |    |    |    |    |    |    |    |    |    |    |    |    |    |    |    |    |    |    |    |    |    |    |    |    |    |    |    |    |    |    |    |    |    |    |    |    |    |    |    |    |    |    |    |
V|   0| 0.0371156595| 0.07273666175000001| 0.1301934164| 0.15954879660000001| 1.1531469910499998| 0.20598201910000002| 0.24394435790000002| 0.20944528100000004| 0.21274351550000004| 0.213318527| 0.2408092105| 0.24207780025| 0.21205594145| 0.2050755965| 0.42246817032500006| 0.21182153825| 0.4590904733750001| 0.24912193405| 0.247451418075| 0.21710538110000002| 0.20935555850000004| 0.20576384732500003| 0.214566267625| 0.20424421200000004| 0.40802770990000004| 0.41730854325000005| 0.21113880180000003| 0.27140189747500004| 0.21010611682500005| 0.26337529372500007| 0.22772322150000002| 0.3947711833499999| 0.19929264600000002| 0.40265709679999995| 0.20391606030000003| 0.2120712273| 0.20605082750000003| 0.4139594556| 0.22870305250000006| 0.20441399435000002| 0.18846194975000002| 0.18934588950000003| 0.38947450595000005| 0.38971879620000005| 0.20234834775000002| 0.6481943448500002| 0.21905541237500004| 0.21560717510000002| 0.23036497025000002| 0.21639639200000005| 0.21351343000000003| 0.3965647887| 0.24021022150000002| 0.21512926400000001| 0.20841697275000004| 0.21829003235000005| 0.22280714380000005| 0.214271113325| 0.22991370954999998| 0.21508844495| 0.19923778385000002| 0.18747265025| 0.406868100525| 0.22341919025000007| 0.37066513097500003| 0.23271995650000002| 0.21731149925000004| 0.20852698750000004| 0.22409413810000006| 0.47971112235| 0.22370505547500003| 0.24584497182499998|
-+----+----+----+----+----+----+----+----+----+----+----+----+----+----+----+----+----+----+----+----+----+----+----+----+----+----+----+----+----+----+----+----+----+----+----+----+----+----+----+----+----+----+----+----+----+----+----+----+----+----+----+----+----+----+----+----+----+----+----+----+----+----+----+----+----+----+----+----+----+----+----+----+----+
 |    |    |    |    |    |    |\   |    |    |    |    |    |    |    |    |    |    |    |    |    |    |    |    |    |    |    |    |    |    |    |    |    |    |    |    |    |    |    |    |    |    |    |    |    |    |    |    |    |    |    |    |    |    |    |    |    |    |    |    |    |    |    |    |    |    |    |    |    |    |    |    |    |    |
K|   0| 0.035090619| 0.07707766975000002| 0.11566748750000003| 0.1987861609| 0.20598201910000002| 1.4475651731499999| 0.4475651731499999| 0.2969049624| 0.2528106895000001| 0.2597517495| 0.5077367091| 0.28417606975000004| 0.2864944755| 0.25548864595| 0.25773927750000003| 0.47685952492500006| 0.25800312275| 0.5051640108750001| 0.2935491878| 0.29368387157500003| 0.26008853460000003| 0.25284182800000005| 0.25019975782500004| 0.259229751125| 0.24463353325000003| 0.45417651215000004| 0.7117267253500001| 0.25764404580000005| 0.5371461790750001| 0.25470105532500004| 0.3036342572250001| 0.27108666200000003| 0.6822935562499999| 0.24557586550000002| 0.44966533079999993| 0.24817685530000005| 0.2537543548| 0.24773395500000003| 0.45705871210000004| 0.2681861360000001| 0.24389707785000003| 0.24050902460000004| 0.24307925800000002| 0.43383268695000005| 0.4288951724500001| 0.25168162825| 0.6951898808500001| 0.5134735944750001| 0.2550902586| 0.28409833875| 0.2628467105000001| 0.25649658350000004| 0.44315657420000004| 0.31681109145| 0.258308309| 0.26143974025000005| 0.29312934560000004| 0.26579029730000003| 0.251454150825| 0.27008015955| 0.2594942887| 0.23952900785000003| 0.45366192185| 0.453005121525| 0.27015081925000006| 0.41455185947500006| 0.28612829375000004| 0.25264449975000003| 0.26226035600000003| 0.27071704060000007| 0.5315673246| 0.26616151347500006|
-+----+----+----+----+----+----+----+----+----+----+----+----+----+----+----+----+----+----+----+----+----+----+----+----+----+----+----+----+----+----+----+----+----+----+----+----+----+----+----+----+----+----+----+----+----+----+----+----+----+----+----+----+----+----+----+----+----+----+----+----+----+----+----+----+----+----+----+----+----+----+----+----+----+
 |    |    |    |    |    |    |    |\   |    |    |    |    |    |    |    |    |    |    |    |    |    |    |    |    |    |    |    |    |    |    |    |    |    |    |    |    |    |    |    |    |    |    |    |    |    |    |    |    |    |    |    |    |    |    |    |    |    |    |    |    |    |    |    |    |    |    |    |    |    |    |    |    |    |
T|   0| 0.033815593500000005| 0.07377760375| 0.11873347000000002| 0.15445963600000004| 0.24394435790000002| 0.4475651731499999| 1.7394333042499999| 0.7394333042499999| 0.5796401582| 0.2985438980000001| 0.302884906| 0.7392698316| 0.32731771950000005| 0.53239872935| 0.30687730145| 0.30196292875| 0.521766083925| 0.30280163475| 0.548316239125| 0.37570735980000003| 0.33539199957500004| 0.5185291031000001| 0.29600271300000003| 0.29358821582500005| 0.307181723625| 0.28950731| 0.49730966865000004| 0.7773598519000001| 0.30062887230000007| 0.5804660920750001| 0.29368499332500003| 0.3457226722250001| 0.31418414650000004| 0.7273017502499999| 0.29130907400000006| 0.4926511002999999| 0.28858495730000006| 0.2941624568| 0.28955818600000005| 0.49526677010000003| 0.30639419400000006| 0.28577644935| 0.29296736760000003| 0.28616241350000005| 0.47173403770000005| 0.4769534274500001| 0.29740213875| 0.7383230373500002| 0.5516816524750001| 0.3075486016| 0.32927363175| 0.3045548385000001| 0.30181334350000005| 0.4848092452| 0.59935992375| 0.310056051| 0.3064784575| 0.33483747360000005| 0.3016983093| 0.290345575325| 0.31321097779999996| 0.30555812815000005| 0.28295882435| 0.49852391735| 0.498461725025| 0.5253542740000001| 0.4666851712250001| 0.32018626875000006| 0.30510284275000005| 0.307608233| 0.3212982173500001| 0.5727487571000001|
-+----+----+----+----+----+----+----+----+----+----+----+----+----+----+----+----+----+----+----+----+----+----+----+----+----+----+----+----+----+----+----+----+----+----+----+----+----+----+----+----+----+----+----+----+----+----+----+----+----+----+----+----+----+----+----+----+----+----+----+----+----+----+----+----+----+----+----+----+----+----+----+----+----+
 |    |    |    |    |    |    |    |    |\   |    |    |    |    |    |    |    |    |    |    |    |    |    |    |    |    |    |    |    |    |    |    |    |    |    |    |    |    |    |    |    |    |    |    |    |    |    |    |    |    |    |    |    |    |    |    |    |    |    |    |    |    |    |    |    |    |    |    |    |    |    |    |    |    |
L|   0| 0.04364304150000001| 0.10982070975000001| 0.125260852| 0.16735306650000004| 0.20944528100000004| 0.2969049624| 0.7394333042499999| 2.03347408775| 1.0334740877500002| 0.8334740877500002| 0.6334740877500002| 0.43347408775000024| 0.7922389293500001| 0.37930284650000007| 0.80706396805| 0.3609284007| 0.36097353200000004| 0.576392043925| 0.355781311| 0.6116711730750001| 0.42724293580000006| 0.38743069157500004| 0.5715174361000002| 0.34921861900000006| 0.34252995957500004| 0.361882948375| 0.3424679145| 0.55236733515| 0.8301721264000002| 0.3537762333000001| 0.6292774780750001| 0.34560085632500004| 0.3986476047250001| 0.36901978850000006| 0.7828624067499999| 0.34412229150000007| 0.5428866502999999| 0.3388205073000001| 0.34581413580000003| 0.33759369200000006| 0.5433022761| 0.35810101350000006| 0.58900205905| 0.3458779711| 0.33389121225000007| 0.5296197407000001| 0.5325013859500001| 0.35036274325| 0.7863585433500002| 0.8549072621750001| 0.36255134260000005| 0.38080920775000004| 0.3596990465000001| 0.35329346250000004| 0.5365407127| 0.867500736| 0.36492221625| 0.35801403350000005| 0.38057293360000005| 0.35041718180000003| 0.343303841575| 0.36205462429999996| 0.35881539265000006| 0.33764826785| 0.55380796885| 0.559470933975| 0.8199016360000002| 0.5105705942250001| 0.62341187845| 0.3686313842000001| 0.5902095241| 0.3723070978500001|
-+----+----+----+----+----+----+----+----+----+----+----+----+----+----+----+----+----+----+----+----+----+----+----+----+----+----+----+----+----+----+----+----+----+----+----+----+----+----+----+----+----+----+----+----+----+----+----+----+----+----+----+----+----+----+----+----+----+----+----+----+----+----+----+----+----+----+----+----+----+----+----+----+----+
 |    |    |    |    |    |    |    |    |    |\   |    |    |    |    |    |    |    |    |    |    |    |    |    |    |    |    |    |    |    |    |    |    |    |    |    |    |    |    |    |    |    |    |    |    |    |    |    |    |    |    |    |    |    |    |    |    |    |    |    |    |    |    |    |    |    |    |    |    |    |    |    |    |    |
T|   0| 0.03404784550000001| 0.08256227825000001| 0.151708762| 0.1642852525| 0.21274351550000004| 0.2528106895000001| 0.5796401582| 1.0334740877500002| 2.3077779740500004| 1.3077779740500004| 1.1077779740500004| 0.9077779740500005| 0.7077779740500005| 1.0310679257| 0.43092375400000005| 0.8515198713000001| 0.4061994455| 0.40600429600000004| 0.619905011975| 0.43707724745| 0.6536115530750001| 0.6778159678| 0.43082382857500007| 0.6154021454500002| 0.3970717907500001| 0.387635988325| 0.40524835687500005| 0.41156590375| 0.59558441365| 0.8737242914000002| 0.39299242330000006| 0.6715981450750002| 0.38893059282500003| 0.4438880507250001| 0.41498524900000006| 0.8260804282499998| 0.38476264550000006| 0.5835270042999999| 0.3808769903000001| 0.3842544458| 0.37603400200000003| 0.5854138996| 0.41079160850000007| 0.63231746655| 0.38401157385| 0.3915469065500001| 0.5755725032000001| 0.5758667944500001| 0.38880305325| 0.8390491383500003| 0.9013833536750001| 0.40449172260000005| 0.42662221910000003| 0.40158396950000014| 0.6270601724| 0.5895892532| 0.91420698515| 0.40686259625| 0.39415429750000003| 0.41969661010000003| 0.39378025205000006| 0.38933593367499997| 0.4057166928| 0.4039096401500001| 0.38359409895| 0.80128014785| 0.611836497725| 0.8541918630000003| 0.5632611892250001| 0.66899200745| 0.4194448129500001| 0.6326917551000001|
-+----+----+----+----+----+----+----+----+----+----+----+----+----+----+----+----+----+----+----+----+----+----+----+----+----+----+----+----+----+----+----+----+----+----+----+----+----+----+----+----+----+----+----+----+----+----+----+----+----+----+----+----+----+----+----+----+----+----+----+----+----+----+----+----+----+----+----+----+----+----+----+----+----+
 |    |    |    |    |    |    |    |    |    |    |\   |    |    |    |    |    |    |    |    |    |    |    |    |    |    |    |    |    |    |    |    |    |    |    |    |    |    |    |    |    |    |    |    |    |    |    |    |    |    |    |    |    |    |    |    |    |    |    |    |    |    |    |    |    |    |    |    |    |    |    |    |    |    |
G|   0| 0.03769067100000001| 0.07660990775000001| 0.128093156| 0.194375988| 0.213318527| 0.2597517495| 0.2985438980000001| 0.8334740877500002| 1.3077779740500004| 2.6073962601500007| 1.6073962601500007| 1.4073962601500007| 1.2073962601500008| 1.0073962601500008| 1.0863316587| 0.47902248275000003| 0.9003015078000001| 0.454873035| 0.45742418960000003| 0.668737517475| 0.48266045295| 0.6996978745750001| 0.7248519303| 0.4780873640750001| 0.6583915187000001| 0.4458206450000001| 0.434644222325| 0.45752621632500007| 0.45842580775| 0.64277940415| 0.9165833069000002| 0.43895591580000004| 0.7185707070750001| 0.437813864325| 0.7435063368250001| 0.46184609600000004| 0.8703636077499999| 0.42904582500000005| 0.6292263128| 0.4229601258000001| 0.4263375813| 0.42178845100000006| 0.6417473201| 0.4577498415000001| 0.6740938948| 0.43594490635000005| 0.68208231325| 0.6225807372000001| 0.6179499299500001| 0.44513647375| 0.8880995088500003| 0.9469665591750002| 0.6565851180500001| 0.47214996760000005| 0.44736306650000013| 0.6826829919| 0.63850304795| 0.95979019065| 0.44664568574999997| 0.43692079950000007| 0.46670250585000006| 0.4366715280500001| 0.46516639817499994| 0.4829793363| 0.4532413211500001| 0.43008087945| 0.8572885371000001| 0.649769550225| 0.9105252835000003| 0.6124841437250002| 0.7234482617| 0.4645013229500001|
-+----+----+----+----+----+----+----+----+----+----+----+----+----+----+----+----+----+----+----+----+----+----+----+----+----+----+----+----+----+----+----+----+----+----+----+----+----+----+----+----+----+----+----+----+----+----+----+----+----+----+----+----+----+----+----+----+----+----+----+----+----+----+----+----+----+----+----+----+----+----+----+----+----+
 |    |    |    |    |    |    |    |    |    |    |    |\   |    |    |    |    |    |    |    |    |    |    |    |    |    |    |    |    |    |    |    |    |    |    |    |    |    |    |    |    |    |    |    |    |    |    |    |    |    |    |    |    |    |    |    |    |    |    |    |    |    |    |    |    |    |    |    |    |    |    |    |    |    |
K|   0| 0.035090619| 0.07765268125000002| 0.11954073350000002| 0.1966859005| 0.2408092105| 0.5077367091| 0.302884906| 0.6334740877500002| 1.1077779740500004| 1.6073962601500007| 2.901814442250001| 1.901814442250001| 1.701814442250001| 1.501814442250001| 1.301814442250001| 1.1407230133000001| 0.52520406725| 0.9463750453| 0.49930028875| 0.5036566431| 0.711720670975| 0.52614672245| 0.744133785075| 0.7695154138| 0.5184766853250001| 0.7045403209500001| 0.7402388271000002| 0.481149466325| 0.723270497925| 0.50302074625| 0.68303836765| 0.9599467474000002| 0.7264782887000001| 0.7648539265750002| 0.484822098325| 0.7877671318250001| 0.5035292235000001| 0.9120467352499999| 0.47214508150000006| 0.6687093962999999| 0.4624432093000001| 0.47838465615| 0.47552181950000005| 0.6861055011| 0.4969262177500001| 0.7234271753| 0.48294044235000005| 0.97650049535| 0.6620638207| 0.6716832984500001| 0.49158679225| 0.9310826623500004| 0.9935583446750001| 0.7331859880000001| 0.5153290126000001| 0.5003858340000001| 0.7575223051500001| 0.68148620145| 0.99697322815| 0.48681213575| 0.4813266432500001| 0.50699372985| 0.70286079965| 0.511303419175| 0.5297109653000001| 0.4971280496500001| 0.4834892167| 0.8926215376000001| 0.703502918725| 0.9571481860000003| 0.6643403459750001| 0.7659047197|
-+----+----+----+----+----+----+----+----+----+----+----+----+----+----+----+----+----+----+----+----+----+----+----+----+----+----+----+----+----+----+----+----+----+----+----+----+----+----+----+----+----+----+----+----+----+----+----+----+----+----+----+----+----+----+----+----+----+----+----+----+----+----+----+----+----+----+----+----+----+----+----+----+----+
 |    |    |    |    |    |    |    |    |    |    |    |    |\   |    |    |    |    |    |    |    |    |    |    |    |    |    |    |    |    |    |    |    |    |    |    |    |    |    |    |    |    |    |    |    |    |    |    |    |    |    |    |    |    |    |    |    |    |    |    |    |    |    |    |    |    |    |    |    |    |    |    |    |    |
E|   0| 0.03404929625000001| 0.0741525539| 0.11954218425000003| 0.15856658475000002| 0.24207780025| 0.28417606975000004| 0.7392698316| 0.43347408775000024| 0.9077779740500005| 1.4073962601500007| 1.901814442250001| 3.0925201980000008| 2.0925201980000008| 1.901846405875001| 1.553436800500001| 1.3675776892500011| 1.1858632750500002| 0.596949374| 0.9982075339| 0.5849033213| 0.54559847385| 0.919667794625| 0.5695413102000001| 0.8011108209250001| 0.820960905925| 0.5635841648250002| 0.7479071802000001| 0.8082113639500003| 0.524367995575| 0.766824113675| 0.5454930895000001| 0.72985303045| 1.0032779346500003| 0.80024575595| 0.8108208378250001| 0.528041570575| 0.8284089365750001| 0.5441710282500001| 0.9544193979999999| 0.5105868422500001| 0.70715115705| 0.5045562835500002| 0.5310767019| 0.51883867775| 0.7242405546| 0.5452181755000001| 0.76998028065| 0.5263073016| 1.0149422561| 0.71475586645| 0.7407994217| 0.533528623| 0.9776059286250004| 1.0361543797000001| 0.9576686702500001| 0.5673104573500001| 0.5566075136750002| 0.7994641359000001| 0.7176279162000001| 1.04329326085| 0.53017665675| 0.5293191386250001| 0.5506572491| 0.7712485866500001| 0.573048589775| 0.7336445491750001| 0.5494950641500002| 0.52645606795| 0.94531358335| 0.749084498475| 1.0079630655000003| 0.7059031297250001|
-+----+----+----+----+----+----+----+----+----+----+----+----+----+----+----+----+----+----+----+----+----+----+----+----+----+----+----+----+----+----+----+----+----+----+----+----+----+----+----+----+----+----+----+----+----+----+----+----+----+----+----+----+----+----+----+----+----+----+----+----+----+----+----+----+----+----+----+----+----+----+----+----+----+
 |    |    |    |    |    |    |    |    |    |    |    |    |    |\   |    |    |    |    |    |    |    |    |    |    |    |    |    |    |    |    |    |    |    |    |    |    |    |    |    |    |    |    |    |    |    |    |    |    |    |    |    |    |    |    |    |    |    |    |    |    |    |    |    |    |    |    |    |    |    |    |    |    |    |
I|   0| 0.043741110525| 0.07401979975| 0.328687752325| 0.15961785150000002| 0.21205594145| 0.2864944755| 0.32731771950000005| 0.7922389293500001| 0.7077779740500005| 1.2073962601500008| 1.701814442250001| 2.0925201980000008| 3.373257422750001| 2.373257422750001| 2.173257422750001| 1.9732574227500008| 1.7732574227500009| 1.573257422750001| 1.373257422750001| 1.173257422750001| 0.973257422750001| 0.7732574227500011| 1.198237368925| 0.6142132869500001| 0.8415086354250001| 0.9065020260750001| 0.6080008400750002| 0.7944209174500001| 0.8524797092000003| 0.785016455475| 0.807091570425| 0.5888650232500001| 0.7742340337000001| 1.0495696474000002| 0.8472624832000001| 1.0902738519250001| 0.569733191325| 0.8701005573250001| 0.5880828977500001| 0.9939109747499999| 0.5500784190000001| 0.7503140473| 0.5582981453000002| 0.8184057353| 0.55802354725| 0.7735823283500001| 0.5922222047500001| 0.8143969559| 0.5657988783500001| 1.0686841178500002| 0.7612146782| 0.78379106845| 0.5801289017500001| 1.0205421183750003| 1.0884431059000002| 1.0109012780750002| 0.61363269335| 0.5995991604250002| 0.8366556666500001| 0.7578028594500001| 1.3252511043000001| 0.5704763740000001| 0.5740324738750001| 0.59680276335| 0.8179887089000001| 0.6177479312749999| 0.7954847162000002| 0.5848365579000001| 0.5801979297| 0.998618750175| 0.8009491939750001| 1.0504280167500002|
-+----+----+----+----+----+----+----+----+----+----+----+----+----+----+----+----+----+----+----+----+----+----+----+----+----+----+----+----+----+----+----+----+----+----+----+----+----+----+----+----+----+----+----+----+----+----+----+----+----+----+----+----+----+----+----+----+----+----+----+----+----+----+----+----+----+----+----+----+----+----+----+----+----+
 |    |    |    |    |    |    |    |    |    |    |    |    |    |    |\   |    |    |    |    |    |    |    |    |    |    |    |    |    |    |    |    |    |    |    |    |    |    |    |    |    |    |    |    |    |    |    |    |    |    |    |    |    |    |    |    |    |    |    |    |    |    |    |    |    |    |    |    |    |    |    |    |    |    |
E|   0| 0.04167308180000001| 0.08272764327500001| 0.115975148| 0.367779448825| 0.2050755965| 0.25548864595| 0.53239872935| 0.37930284650000007| 1.0310679257| 1.0073962601500008| 1.501814442250001| 1.901846405875001| 2.373257422750001| 3.585642939300001| 2.585642939300001| 2.3856429393000007| 2.1856429393000005| 1.9856429393000006| 1.7856429393000006| 1.5856429393000007| 1.3856429393000007| 1.191985103000001| 0.8167178557500011| 1.255179679| 0.6610885579750001| 0.8866819601750001| 0.9499347305750001| 0.6771119368250003| 0.8377052919500001| 0.8960991702000003| 0.827554643975| 0.853723197675| 0.6322620557500002| 0.8480673462000001| 1.0956024039000003| 0.8906853019000001| 1.1309815019250002| 0.610440841325| 0.9122243363250001| 0.6265905037500001| 1.03241858075| 0.5922573385000001| 0.8030719383| 0.6016808488000002| 0.85660663405| 0.6150490236| 0.8196023868500001| 0.6356549092500001| 0.8529045619000001| 0.6185567693500001| 1.1388550481000002| 0.8032223542| 0.830152897525| 0.6220811207500001| 1.2588600666750003| 1.1414793576500002| 1.0575679243750002| 0.65564036935| 0.6358067204250002| 0.8758466391500002| 0.8012332257000001| 1.3735650543750002| 0.6142057385| 0.6424861061250001| 0.64279675105| 1.034152394775| 0.6701807910249999| 0.8298422392000002| 0.6375944489000002| 0.6258453546999999| 1.049499474925| 0.8434191362250001|
-+----+----+----+----+----+----+----+----+----+----+----+----+----+----+----+----+----+----+----+----+----+----+----+----+----+----+----+----+----+----+----+----+----+----+----+----+----+----+----+----+----+----+----+----+----+----+----+----+----+----+----+----+----+----+----+----+----+----+----+----+----+----+----+----+----+----+----+----+----+----+----+----+----+
 |    |    |    |    |    |    |    |    |    |    |    |    |    |    |    |\   |    |    |    |    |    |    |    |    |    |    |    |    |    |    |    |    |    |    |    |    |    |    |    |    |    |    |    |    |    |    |    |    |    |    |    |    |    |    |    |    |    |    |    |    |    |    |    |    |    |    |    |    |    |    |    |    |    |
I|   0| 0.04436075225000001| 0.11516145905| 0.15873984602500002| 0.164297821| 0.42246817032500006| 0.25773927750000003| 0.30687730145| 0.80706396805| 0.43092375400000005| 1.0863316587| 1.301814442250001| 1.553436800500001| 2.173257422750001| 2.585642939300001| 3.846030383400001| 2.846030383400001| 2.6460303834000007| 2.4460303834000006| 2.2460303834000004| 2.0460303834| 1.8460303834000003| 1.6460303834000003| 1.4460303834000003| 1.2460303834000004| 1.30382449925| 0.7194027809750001| 0.9393456411750001| 1.0046954735750002| 0.7296272878250003| 0.9158265974500001| 0.9446136327000003| 0.879173583475| 0.906351206675| 0.6868007742500002| 0.9033310792000001| 1.1757166354000004| 0.9406239284000001| 1.1809201284250002| 0.661795596825| 0.9599629188250001| 0.6743290862500001| 1.08382847675| 0.8757306356000001| 0.8842111888| 0.6491127240500002| 0.91419541355| 0.6703000586000001| 0.87226606785| 0.6833934917500001| 1.136377859| 0.6732625868500002| 1.1900937006| 0.8580696387| 0.881336093025| 0.6745842112500001| 1.5100242111750002| 1.1960485994000003| 1.1088065768750002| 0.70107890585| 0.6842286694250002| 0.9563783331500002| 0.8497799487000002| 1.4265253953750001| 0.6685982585000001| 0.6974732341250002| 0.70281702215| 1.310610910775| 0.7137692905249999| 1.1133155363000002| 0.7001515620000002| 0.8902081267499999| 1.100211431925|
-+----+----+----+----+----+----+----+----+----+----+----+----+----+----+----+----+----+----+----+----+----+----+----+----+----+----+----+----+----+----+----+----+----+----+----+----+----+----+----+----+----+----+----+----+----+----+----+----+----+----+----+----+----+----+----+----+----+----+----+----+----+----+----+----+----+----+----+----+----+----+----+----+----+
 |    |    |    |    |    |    |    |    |    |    |    |    |    |    |    |    |\   |    |    |    |    |    |    |    |    |    |    |    |    |    |    |    |    |    |    |    |    |    |    |    |    |    |    |    |    |    |    |    |    |    |    |    |    |    |    |    |    |    |    |    |    |    |    |    |    |    |    |    |    |    |    |    |    |
D|   0| 0.03618111375000001| 0.08541325725000001| 0.15918277955| 0.20091214902500001| 0.21182153825| 0.47685952492500006| 0.30196292875| 0.3609284007| 0.8515198713000001| 0.47902248275000003| 1.1407230133000001| 1.3675776892500011| 1.9732574227500008| 2.3856429393000007| 2.846030383400001| 4.044238057950001| 3.0442380579500012| 2.8715187901000006| 2.4915481319000006| 2.2933533316500005| 2.1444876193| 1.8906071476500002| 1.6915567886500003| 1.6033016315500004| 1.2893972721500004| 1.35106379625| 0.7737941355750001| 1.008247272925| 1.0579238639250002| 0.7753127210750003| 0.9784819487| 1.0611674960750004| 0.933285255875| 1.140458655525| 0.7348995030000002| 0.9486823689500001| 1.2184902576500003| 0.9833975506500001| 1.2713154269750002| 0.702369175075| 1.0005364970750001| 0.7188902842250001| 1.13865234| 0.9211793113500001| 0.9244780598000001| 0.6995364993000002| 0.9622814443| 0.7246914132000001| 0.9128396461| 0.7382173550000001| 1.3420912239| 0.7717198227500002| 1.2472618702| 0.903285560775| 0.9256056327750001| 0.7286974735000001| 1.5584430829250002| 1.2945058353000003| 1.1470801091250002| 0.7423358506| 0.7297250079250002| 1.0190659449000001| 0.9034533290500002| 1.62999980665| 0.7164203822500002| 0.7424504573750002| 0.75731585415| 1.347034406025| 0.7685931537749999| 1.1620284839000004| 0.7530982590000002| 0.9337550794999999|
-+----+----+----+----+----+----+----+----+----+----+----+----+----+----+----+----+----+----+----+----+----+----+----+----+----+----+----+----+----+----+----+----+----+----+----+----+----+----+----+----+----+----+----+----+----+----+----+----+----+----+----+----+----+----+----+----+----+----+----+----+----+----+----+----+----+----+----+----+----+----+----+----+----+
 |    |    |    |    |    |    |    |    |    |    |    |    |    |    |    |    |    |\   |    |    |    |    |    |    |    |    |    |    |    |    |    |    |    |    |    |    |    |    |    |    |    |    |    |    |    |    |    |    |    |    |    |    |    |    |    |    |    |    |    |    |    |    |    |    |    |    |    |    |    |    |    |    |    |
I|   0| 0.037878655750000004| 0.07842284525000001| 0.159266594325| 0.20102335605| 0.4590904733750001| 0.25800312275| 0.521766083925| 0.36097353200000004| 0.4061994455| 0.9003015078000001| 0.52520406725| 1.1858632750500002| 1.7732574227500009| 2.1856429393000005| 2.6460303834000007| 3.0442380579500012| 4.271972029000001| 3.2719720290000014| 3.071972029000001| 2.871972029000001| 2.671972029000001| 2.4719720290000007| 2.2719720290000005| 2.0719720290000003| 1.8719720290000004| 1.6719720290000004| 1.4719720290000005| 1.2719720290000005| 1.0719720290000005| 1.153520364675| 0.8173450870750003| 1.0236187917000001| 1.1073134085750005| 0.981341877875| 1.189240292025| 0.8121766738000001| 0.9921388989500002| 1.2619467876500003| 1.0522275014000002| 1.3125719129750002| 0.7436256610749999| 1.045464296575| 0.7788346439750001| 1.213309494| 0.9621290901000001| 0.9791148134000001| 0.7483054378000001| 1.0084630288| 0.7659478992000001| 0.97278400585| 0.786843849| 1.3868477799| 0.8201845214500002| 1.29208906485| 0.949306554775| 0.9906078378750001| 0.7773256265500001| 1.6031996389250003| 1.3334622753000003| 1.1890199616250003| 0.821208401575| 0.7717896344250001| 1.0655441894000002| 0.9513637525500002| 1.67860170135| 0.7861956468750002| 0.8029048995000001| 0.79442225715| 1.406978765775| 1.015976230375| 1.2197503955250004| 0.7977960496000002|
-+----+----+----+----+----+----+----+----+----+----+----+----+----+----+----+----+----+----+----+----+----+----+----+----+----+----+----+----+----+----+----+----+----+----+----+----+----+----+----+----+----+----+----+----+----+----+----+----+----+----+----+----+----+----+----+----+----+----+----+----+----+----+----+----+----+----+----+----+----+----+----+----+----+
 |    |    |    |    |    |    |    |    |    |    |    |    |    |    |    |    |    |    |\   |    |    |    |    |    |    |    |    |    |    |    |    |    |    |    |    |    |    |    |    |    |    |    |    |    |    |    |    |    |    |    |    |    |    |    |    |    |    |    |    |    |    |    |    |    |    |    |    |    |    |    |    |    |    |
E|   0| 0.03675597450000001| 0.07950602150000002| 0.12301902650000002| 0.20099912382500001| 0.24912193405| 0.5051640108750001| 0.30280163475| 0.576392043925| 0.40600429600000004| 0.454873035| 0.9463750453| 0.596949374| 1.573257422750001| 1.9856429393000006| 2.4460303834000006| 2.8715187901000006| 3.2719720290000014| 4.5399689525000015| 3.5399689525000015| 3.3399689525000014| 3.139968952500001| 2.939968952500001| 2.739968952500001| 2.5399689525000007| 2.3399689525000005| 2.1399689525000003| 1.9399689525000003| 1.7399689525000004| 1.5399689525000004| 1.3399689525000005| 1.2221577756750002| 0.9101497139250003| 1.0696566572000001| 1.3893866659750005| 1.0300154673750002| 1.235166442525| 0.8555251568000002| 1.0354873819500001| 1.3202079310500003| 1.0933759404000003| 1.3537203519750003| 0.788445413575| 1.100863020575| 0.8248581804750001| 1.25415122575| 1.0131277261000002| 1.0277757049| 0.7943789753000001| 1.0496114678000001| 0.8213466232000001| 1.21634762755| 0.8473776757| 1.4410308878| 0.8647775734500002| 1.33693346535| 1.003994677775| 1.038586936125| 0.8378594532500001| 1.6420480319250004| 1.3752940808000003| 1.2350911608750004| 0.889878073075| 0.8181598319250002| 1.3056191943500002| 0.9997607370500001| 1.7241537853500002| 0.8412693396250002| 0.8399032555000001| 0.84982098115| 1.455558990075| 1.069497788125| 1.2638722090250005|
-+----+----+----+----+----+----+----+----+----+----+----+----+----+----+----+----+----+----+----+----+----+----+----+----+----+----+----+----+----+----+----+----+----+----+----+----+----+----+----+----+----+----+----+----+----+----+----+----+----+----+----+----+----+----+----+----+----+----+----+----+----+----+----+----+----+----+----+----+----+----+----+----+----+
 |    |    |    |    |    |    |    |    |    |    |    |    |    |    |    |    |    |    |    |\   |    |    |    |    |    |    |    |    |    |    |    |    |    |    |    |    |    |    |    |    |    |    |    |    |    |    |    |    |    |    |    |    |    |    |    |    |    |    |    |    |    |    |    |    |    |    |    |    |    |    |    |    |    |
